0
0
0
0
0
0
0
0
0
0
0
0
0
0
0
0
0
0
0
0
51
57
53
48
47
43
49
49
47
46
48
51
56
55
48
53
62
63
61
61
61
52
56
59
59
57
57
59
55
61
62
64
64
66
72
81
80
69
69
67
65
73
79
86
80
78
79
77
75
74
74
73
73
72
72
66
66
69
71
72
74
67
64
49
66
64
56
59
62
65
69
65
65
67
64
64
59
57
50
51
50
56
53
51
45
53
54
55
56
53
45
44
46
41
45
40
40
44
48
46
47
42
44
45
45
38
40
39
40
39
40
44
39
48
46
68
77
77
76
56
59
57
58
60
59
60
61
62
59
57
72
71
70
65
64
57
56
53
54
65
61
64
59
59
57
56
57
54
57
59
45
39
31
32
28
34
32
32
30
29
29
28
35
34
33
31
32
33
31
36
27
33
41
44
50
46
52
58
68
59
54
58
48
45
49
46
47
40
41
37
33
32
29
27
29
33
34
36
30
32
34
31
34
37
35
37
32
44
54
56
71
70
83
86
75
74
71
74
77
66
63
66
64
59
60
63
63
63
59
58
47
46
49
41
47
44
52
41
45
51
55
51
46
53
55
53
53
50
50
50
51
54
48
51
49
51
39
49
33
34
31
35
45
40
36
37
34
36
35
32
34
34
38
38
36
34
36
38
44
42
49
44
42
44
42
39
37
40
42
48
50
46
42
43
50
59
59
57
61
62
60
62
60
64
66
63
66
54
53
56
54
54
55
56
52
49
53
55
61
60
58
57
55
50
47
49
55
69
66
62
62
65
68
66
65
66
66
58
48
53
49
49
55
60
65
71
70
69
73
62
64
62
63
70
77
72
66
70
73
74
77
81
77
77
78
70
68
69
64
68
62
62
60
63
61
57
48
44
43
40
39
35
38
38
30
34
39
34
35
37
40
40
40
29
21
24
33
40
45
43
44
39
35
36
38
34
27
30
37
29
27
26
34
32
35
37
36
39
30
35
40
45
49
56
61
58
59
55
57
61
62
67
66
67
69
66
69
67
68
68
63
64
59
51
41
47
42
40
34
42
42
40
46
48
41
45
45
46
43
38
44
45
46
59
60
59
58
59
62
59
62
60
54
56
57
58
58
56
59
65
64
62
62
49
47
44
47
47
40
45
38
39
46
42
47
38
32
36
41
39
38
41
39
40
45
52
53
58
55
52
49
48
44
38
39
46
57
50
46
44
41
35
36
31
33
25
27
33
36
37
38
42
42
49
46
43
42
49
47
51
51
55
56
76
77
82
75
71
71
51
58
51
45
43
41
37
42
44
46
46
49
54
52
46
43
47
45
47
44
45
41
56
60
67
74
79
79
80
79
79
78
72
75
73
74
70
73
73
75
72
69
63
63
56
45
34
31
25
27
25
30
31
30
34
30
35
30
23
23
32
41
44
42
52
47
60
59
57
55
60
54
57
59
58
62
56
57
61
60
60
53
51
53
44
51
47
52
49
48
29
34
34
32
39
39
41
44
44
45
43
45
52
49
53
55
49
46
48
49
67
67
72
70
79
83
85
72
74
72
67
69
67
70
69
68
67
65
65
67
67
65
64
62
54
41
35
44
43
47
57
53
47
36
30
32
36
39
37
37
33
33
28
33
33
37
36
36
31
34
34
38
40
48
61
59
55
56
58
56
52
54
65
63
56
55
52
48
49
47
46
37
35
28
24
19
33
28
26
30
36
33
39
45
44
43
45
48
48
46
47
50
53
58
60
67
64
65
67
63
53
60
58
49
55
60
58
55
59
58
54
50
51
50
48
49
55
53
58
63
76
69
68
64
58
55
58
48
49
51
52
51
45
44
44
42
37
38
41
39
33
32
28
36
37
35
37
41
43
43
41
44
47
47
45
47
46
49
49
44
47
48
46
41
48
52
43
43
31
38
38
37
40
38
40
45
42
39
44
46
47
49
49
46
41
43
46
53
63
55
59
57
55
58
58
47
52
56
49
49
48
48
63
63
63
58
62
61
60
63
54
57
56
57
57
75
62
58
53
60
65
65
64
64
64
65
61
59
59
57
60
61
63
62
62
52
59
63
72
63
52
50
40
49
50
53
52
46
37
43
46
45
43
42
40
40
43
36
34
34
32
30
37
30
29
29
32
46
48
43
37
37
36
31
39
39
44
45
48
50
51
57
51
54
59
57
58
55
56
54
54
53
58
68
65
70
61
64
56
54
57
52
54
48
44
36
38
33
34
41
46
53
48
49
47
45
49
50
54
57
55
54
61
63
61
69
68
72
68
67
69
63
64
66
64
60
59
58
57
46
43
47
36
41
45
50
47
45
48
48
44
42
49
43
48
48
46
60
55
51
57
55
63
66
64
56
59
55
60
57
56
60
58
59
59
58
58
50
52
57
54
56
48
40
42
51
47
45
36
36
36
21
28
33
31
33
33
33
40
41
43
42
49
53
48
47
46
54
50
52
53
61
62
54
53
58
62
67
61
63
53
58
53
48
54
52
41
49
54
55
57
61
59
59
67
72
66
67
62
61
65
52
51
53
54
53
54
54
48
49
45
40
41
43
33
23
28
24
29
29
32
38
43
42
49
48
47
44
45
40
49
53
50
52
60
65
63
67
62
63
61
63
59
59
50
51
58
61
67
72
69
70
76
71
68
53
52
47
52
55
49
45
49
41
51
56
52
64
56
48
42
43
41
43
46
48
46
50
50
50
49
50
50
55
54
51
52
46
59
73
79
70
71
71
62
66
71
67
67
67
71
68
67
67
64
66
66
63
54
44
43
49
48
42
46
49
39
41
42
37
45
46
38
30
35
35
37
40
42
43
49
53
53
54
60
57
57
61
56
56
45
46
60
69
67
63
64
62
58
54
58
57
60
64
62
61
61
58
61
62
71
72
65
63
65
69
58
60
61
65
58
58
52
46
51
52
54
47
43
48
44
42
34
34
33
31
36
37
39
40
38
38
37
39
37
40
39
46
51
45
42
44
69
53
42
48
43
47
49
48
51
50
53
57
62
64
63
66
67
71
73
74
74
80
87
86
91
82
78
72
72
73
67
62
63
54
49
46
43
41
37
30
28
27
28
26
29
35
36
43
46
47
55
52
42
40
48
48
49
49
48
47
49
52
50
58
51
47
45
36
37
41
40
36
41
50
48
45
42
41
44
44
46
45
49
45
52
54
60
66
64
63
51
52
52
50
55
51
48
45
48
47
50
51
50
51
46
50
50
52
48
44
53
55
53
55
52
56
56
62
56
64
55
49
50
52
53
52
47
49
46
46
45
42
40
38
37
37
39
45
44
40
37
39
30
38
40
35
31
34
37
43
38
35
43
44
46
45
44
49
46
43
50
48
51
44
46
47
53
49
